[gd_scene load_steps=7 format=3 uid="uid://bbiijpj2hvt48"]

[ext_resource type="Script" uid="uid://dry1r5643j7dx" path="res://assets/node_3d.gd" id="1_dx1ay"]
[ext_resource type="PackedScene" uid="uid://b7mxdeoambgoh" path="res://assets/Walking Backwards.tscn" id="2_uewew"]
[ext_resource type="PackedScene" uid="uid://dg0qm1arxyfq1" path="res://assets/Sweep Fall.tscn" id="3_w8n5r"]
[ext_resource type="PackedScene" uid="uid://b2hbgjvk5uabc" path="res://assets/Drunk_Walk_Backwards.tscn" id="4_bvftq"]

[sub_resource type="StandardMaterial3D" id="StandardMaterial3D_dx1ay"]
albedo_color = Color(0.667717, 0.484627, 0.943015, 0.827451)

[sub_resource type="BoxMesh" id="BoxMesh_uewew"]
material = SubResource("StandardMaterial3D_dx1ay")

[node name="Node3D" type="Node3D"]
script = ExtResource("1_dx1ay")

[node name="Walking_Backwards" parent="." instance=ExtResource("2_uewew")]
transform = Transform3D(1, 0, 0, 0, 1, 0, 0, 0, 1, -0.0124522, 0, 0)

[node name="Sweep_Fall" parent="." instance=ExtResource("3_w8n5r")]
transform = Transform3D(0.944766, 0, -0.327746, 0, 1, 0, 0.327746, 0, 0.944766, 2.14647, 0, 0)

[node name="Drunk_Walk_Backwards" parent="." instance=ExtResource("4_bvftq")]
transform = Transform3D(0.838442, 0, 0.54499, 0, 1, 0, -0.54499, 0, 0.838442, -2.0215, 0, 0.126217)

[node name="Camera3D" type="Camera3D" parent="."]
transform = Transform3D(1, 0, 0, 0, 0.952555, 0.304366, 0, -0.304366, 0.952555, 0, 1.97424, 2.45457)

[node name="DirectionalLight3D" type="DirectionalLight3D" parent="."]
transform = Transform3D(1, 0, 0, 0, 0.996356, 0.0852952, 0, -0.0852952, 0.996356, 0, 2.38783, 2.771)

[node name="MeshInstance3D" type="MeshInstance3D" parent="."]
transform = Transform3D(8, 0, 0, 0, 1, 0, 0, 0, 5, 0, -0.498449, -0.627416)
mesh = SubResource("BoxMesh_uewew")

[node name="MeshInstance3D2" type="MeshInstance3D" parent="."]
transform = Transform3D(30, 0, 0, 0, -4.37114e-08, -10, 0, 1, -4.37114e-07, -0.00356197, 1.21413, -3.71075)
mesh = SubResource("BoxMesh_uewew")
